{
 "cells": [
  {
   "cell_type": "markdown",
   "metadata": {},
   "source": [
    "# Import Libraries"
   ]
  },
  {
   "cell_type": "code",
   "execution_count": 1,
   "metadata": {},
   "outputs": [],
   "source": [
    "import pandas as pd\n",
    "import numpy as np\n",
    "import matplotlib.pyplot as plt\n",
    "import seaborn as sns\n",
    "import statsmodels.api as sm"
   ]
  },
  {
   "cell_type": "markdown",
   "metadata": {},
   "source": [
    "# Import DataSet"
   ]
  },
  {
   "cell_type": "code",
   "execution_count": 2,
   "metadata": {},
   "outputs": [
    {
     "data": {
      "text/html": [
       "<div>\n",
       "<style scoped>\n",
       "    .dataframe tbody tr th:only-of-type {\n",
       "        vertical-align: middle;\n",
       "    }\n",
       "\n",
       "    .dataframe tbody tr th {\n",
       "        vertical-align: top;\n",
       "    }\n",
       "\n",
       "    .dataframe thead th {\n",
       "        text-align: right;\n",
       "    }\n",
       "</style>\n",
       "<table border=\"1\" class=\"dataframe\">\n",
       "  <thead>\n",
       "    <tr style=\"text-align: right;\">\n",
       "      <th></th>\n",
       "      <th>X</th>\n",
       "      <th>Y</th>\n",
       "      <th>month</th>\n",
       "      <th>day</th>\n",
       "      <th>FFMC</th>\n",
       "      <th>DMC</th>\n",
       "      <th>DC</th>\n",
       "      <th>ISI</th>\n",
       "      <th>temp</th>\n",
       "      <th>RH</th>\n",
       "      <th>wind</th>\n",
       "      <th>rain</th>\n",
       "      <th>area</th>\n",
       "    </tr>\n",
       "  </thead>\n",
       "  <tbody>\n",
       "    <tr>\n",
       "      <th>0</th>\n",
       "      <td>7</td>\n",
       "      <td>5</td>\n",
       "      <td>mar</td>\n",
       "      <td>fri</td>\n",
       "      <td>86.2</td>\n",
       "      <td>26.2</td>\n",
       "      <td>94.3</td>\n",
       "      <td>5.1</td>\n",
       "      <td>8.2</td>\n",
       "      <td>51</td>\n",
       "      <td>6.7</td>\n",
       "      <td>0.0</td>\n",
       "      <td>0.0</td>\n",
       "    </tr>\n",
       "    <tr>\n",
       "      <th>1</th>\n",
       "      <td>7</td>\n",
       "      <td>4</td>\n",
       "      <td>oct</td>\n",
       "      <td>tue</td>\n",
       "      <td>90.6</td>\n",
       "      <td>35.4</td>\n",
       "      <td>669.1</td>\n",
       "      <td>6.7</td>\n",
       "      <td>18.0</td>\n",
       "      <td>33</td>\n",
       "      <td>0.9</td>\n",
       "      <td>0.0</td>\n",
       "      <td>0.0</td>\n",
       "    </tr>\n",
       "    <tr>\n",
       "      <th>2</th>\n",
       "      <td>7</td>\n",
       "      <td>4</td>\n",
       "      <td>oct</td>\n",
       "      <td>sat</td>\n",
       "      <td>90.6</td>\n",
       "      <td>43.7</td>\n",
       "      <td>686.9</td>\n",
       "      <td>6.7</td>\n",
       "      <td>14.6</td>\n",
       "      <td>33</td>\n",
       "      <td>1.3</td>\n",
       "      <td>0.0</td>\n",
       "      <td>0.0</td>\n",
       "    </tr>\n",
       "    <tr>\n",
       "      <th>3</th>\n",
       "      <td>8</td>\n",
       "      <td>6</td>\n",
       "      <td>mar</td>\n",
       "      <td>fri</td>\n",
       "      <td>91.7</td>\n",
       "      <td>33.3</td>\n",
       "      <td>77.5</td>\n",
       "      <td>9.0</td>\n",
       "      <td>8.3</td>\n",
       "      <td>97</td>\n",
       "      <td>4.0</td>\n",
       "      <td>0.2</td>\n",
       "      <td>0.0</td>\n",
       "    </tr>\n",
       "    <tr>\n",
       "      <th>4</th>\n",
       "      <td>8</td>\n",
       "      <td>6</td>\n",
       "      <td>mar</td>\n",
       "      <td>sun</td>\n",
       "      <td>89.3</td>\n",
       "      <td>51.3</td>\n",
       "      <td>102.2</td>\n",
       "      <td>9.6</td>\n",
       "      <td>11.4</td>\n",
       "      <td>99</td>\n",
       "      <td>1.8</td>\n",
       "      <td>0.0</td>\n",
       "      <td>0.0</td>\n",
       "    </tr>\n",
       "  </tbody>\n",
       "</table>\n",
       "</div>"
      ],
      "text/plain": [
       "   X  Y month  day  FFMC   DMC     DC  ISI  temp  RH  wind  rain  area\n",
       "0  7  5   mar  fri  86.2  26.2   94.3  5.1   8.2  51   6.7   0.0   0.0\n",
       "1  7  4   oct  tue  90.6  35.4  669.1  6.7  18.0  33   0.9   0.0   0.0\n",
       "2  7  4   oct  sat  90.6  43.7  686.9  6.7  14.6  33   1.3   0.0   0.0\n",
       "3  8  6   mar  fri  91.7  33.3   77.5  9.0   8.3  97   4.0   0.2   0.0\n",
       "4  8  6   mar  sun  89.3  51.3  102.2  9.6  11.4  99   1.8   0.0   0.0"
      ]
     },
     "execution_count": 2,
     "metadata": {},
     "output_type": "execute_result"
    }
   ],
   "source": [
    "data = pd.read_csv('C:/Users/Tarun/Documents/GitHub/Forest-fire/DataSet/forestfires.csv')\n",
    "data.head()"
   ]
  },
  {
   "cell_type": "markdown",
   "metadata": {},
   "source": [
    "# EDA"
   ]
  },
  {
   "cell_type": "code",
   "execution_count": 3,
   "metadata": {},
   "outputs": [
    {
     "name": "stdout",
     "output_type": "stream",
     "text": [
      "<class 'pandas.core.frame.DataFrame'>\n",
      "RangeIndex: 517 entries, 0 to 516\n",
      "Data columns (total 13 columns):\n",
      "X        517 non-null int64\n",
      "Y        517 non-null int64\n",
      "month    517 non-null object\n",
      "day      517 non-null object\n",
      "FFMC     517 non-null float64\n",
      "DMC      517 non-null float64\n",
      "DC       517 non-null float64\n",
      "ISI      517 non-null float64\n",
      "temp     517 non-null float64\n",
      "RH       517 non-null int64\n",
      "wind     517 non-null float64\n",
      "rain     517 non-null float64\n",
      "area     517 non-null float64\n",
      "dtypes: float64(8), int64(3), object(2)\n",
      "memory usage: 52.6+ KB\n"
     ]
    }
   ],
   "source": [
    "data.info()"
   ]
  },
  {
   "cell_type": "code",
   "execution_count": 4,
   "metadata": {},
   "outputs": [
    {
     "data": {
      "text/html": [
       "<div>\n",
       "<style scoped>\n",
       "    .dataframe tbody tr th:only-of-type {\n",
       "        vertical-align: middle;\n",
       "    }\n",
       "\n",
       "    .dataframe tbody tr th {\n",
       "        vertical-align: top;\n",
       "    }\n",
       "\n",
       "    .dataframe thead th {\n",
       "        text-align: right;\n",
       "    }\n",
       "</style>\n",
       "<table border=\"1\" class=\"dataframe\">\n",
       "  <thead>\n",
       "    <tr style=\"text-align: right;\">\n",
       "      <th></th>\n",
       "      <th>month</th>\n",
       "      <th>day</th>\n",
       "    </tr>\n",
       "  </thead>\n",
       "  <tbody>\n",
       "    <tr>\n",
       "      <th>0</th>\n",
       "      <td>7</td>\n",
       "      <td>0</td>\n",
       "    </tr>\n",
       "    <tr>\n",
       "      <th>1</th>\n",
       "      <td>10</td>\n",
       "      <td>5</td>\n",
       "    </tr>\n",
       "    <tr>\n",
       "      <th>2</th>\n",
       "      <td>10</td>\n",
       "      <td>2</td>\n",
       "    </tr>\n",
       "    <tr>\n",
       "      <th>3</th>\n",
       "      <td>7</td>\n",
       "      <td>0</td>\n",
       "    </tr>\n",
       "    <tr>\n",
       "      <th>4</th>\n",
       "      <td>7</td>\n",
       "      <td>3</td>\n",
       "    </tr>\n",
       "  </tbody>\n",
       "</table>\n",
       "</div>"
      ],
      "text/plain": [
       "   month  day\n",
       "0      7    0\n",
       "1     10    5\n",
       "2     10    2\n",
       "3      7    0\n",
       "4      7    3"
      ]
     },
     "execution_count": 4,
     "metadata": {},
     "output_type": "execute_result"
    }
   ],
   "source": [
    "# Converting Categorical Variable to Numeric\n",
    "\n",
    "categ_col = data.select_dtypes(include='object')\n",
    "# import preproccesing for encoding\n",
    "from sklearn import preprocessing\n",
    "\n",
    "la_en = preprocessing.LabelEncoder()\n",
    "categ_col = categ_col.apply(la_en.fit_transform)\n",
    "categ_col.head()"
   ]
  },
  {
   "cell_type": "code",
   "execution_count": 5,
   "metadata": {},
   "outputs": [
    {
     "data": {
      "text/html": [
       "<div>\n",
       "<style scoped>\n",
       "    .dataframe tbody tr th:only-of-type {\n",
       "        vertical-align: middle;\n",
       "    }\n",
       "\n",
       "    .dataframe tbody tr th {\n",
       "        vertical-align: top;\n",
       "    }\n",
       "\n",
       "    .dataframe thead th {\n",
       "        text-align: right;\n",
       "    }\n",
       "</style>\n",
       "<table border=\"1\" class=\"dataframe\">\n",
       "  <thead>\n",
       "    <tr style=\"text-align: right;\">\n",
       "      <th></th>\n",
       "      <th>X</th>\n",
       "      <th>Y</th>\n",
       "      <th>FFMC</th>\n",
       "      <th>DMC</th>\n",
       "      <th>DC</th>\n",
       "      <th>ISI</th>\n",
       "      <th>temp</th>\n",
       "      <th>RH</th>\n",
       "      <th>wind</th>\n",
       "      <th>rain</th>\n",
       "      <th>area</th>\n",
       "      <th>month</th>\n",
       "      <th>day</th>\n",
       "    </tr>\n",
       "  </thead>\n",
       "  <tbody>\n",
       "    <tr>\n",
       "      <th>0</th>\n",
       "      <td>7</td>\n",
       "      <td>5</td>\n",
       "      <td>86.2</td>\n",
       "      <td>26.2</td>\n",
       "      <td>94.3</td>\n",
       "      <td>5.1</td>\n",
       "      <td>8.2</td>\n",
       "      <td>51</td>\n",
       "      <td>6.7</td>\n",
       "      <td>0.0</td>\n",
       "      <td>0.0</td>\n",
       "      <td>7</td>\n",
       "      <td>0</td>\n",
       "    </tr>\n",
       "    <tr>\n",
       "      <th>1</th>\n",
       "      <td>7</td>\n",
       "      <td>4</td>\n",
       "      <td>90.6</td>\n",
       "      <td>35.4</td>\n",
       "      <td>669.1</td>\n",
       "      <td>6.7</td>\n",
       "      <td>18.0</td>\n",
       "      <td>33</td>\n",
       "      <td>0.9</td>\n",
       "      <td>0.0</td>\n",
       "      <td>0.0</td>\n",
       "      <td>10</td>\n",
       "      <td>5</td>\n",
       "    </tr>\n",
       "    <tr>\n",
       "      <th>2</th>\n",
       "      <td>7</td>\n",
       "      <td>4</td>\n",
       "      <td>90.6</td>\n",
       "      <td>43.7</td>\n",
       "      <td>686.9</td>\n",
       "      <td>6.7</td>\n",
       "      <td>14.6</td>\n",
       "      <td>33</td>\n",
       "      <td>1.3</td>\n",
       "      <td>0.0</td>\n",
       "      <td>0.0</td>\n",
       "      <td>10</td>\n",
       "      <td>2</td>\n",
       "    </tr>\n",
       "    <tr>\n",
       "      <th>3</th>\n",
       "      <td>8</td>\n",
       "      <td>6</td>\n",
       "      <td>91.7</td>\n",
       "      <td>33.3</td>\n",
       "      <td>77.5</td>\n",
       "      <td>9.0</td>\n",
       "      <td>8.3</td>\n",
       "      <td>97</td>\n",
       "      <td>4.0</td>\n",
       "      <td>0.2</td>\n",
       "      <td>0.0</td>\n",
       "      <td>7</td>\n",
       "      <td>0</td>\n",
       "    </tr>\n",
       "    <tr>\n",
       "      <th>4</th>\n",
       "      <td>8</td>\n",
       "      <td>6</td>\n",
       "      <td>89.3</td>\n",
       "      <td>51.3</td>\n",
       "      <td>102.2</td>\n",
       "      <td>9.6</td>\n",
       "      <td>11.4</td>\n",
       "      <td>99</td>\n",
       "      <td>1.8</td>\n",
       "      <td>0.0</td>\n",
       "      <td>0.0</td>\n",
       "      <td>7</td>\n",
       "      <td>3</td>\n",
       "    </tr>\n",
       "  </tbody>\n",
       "</table>\n",
       "</div>"
      ],
      "text/plain": [
       "   X  Y  FFMC   DMC     DC  ISI  temp  RH  wind  rain  area  month  day\n",
       "0  7  5  86.2  26.2   94.3  5.1   8.2  51   6.7   0.0   0.0      7    0\n",
       "1  7  4  90.6  35.4  669.1  6.7  18.0  33   0.9   0.0   0.0     10    5\n",
       "2  7  4  90.6  43.7  686.9  6.7  14.6  33   1.3   0.0   0.0     10    2\n",
       "3  8  6  91.7  33.3   77.5  9.0   8.3  97   4.0   0.2   0.0      7    0\n",
       "4  8  6  89.3  51.3  102.2  9.6  11.4  99   1.8   0.0   0.0      7    3"
      ]
     },
     "execution_count": 5,
     "metadata": {},
     "output_type": "execute_result"
    }
   ],
   "source": [
    "# now replace the catgerical  values with label encoding\n",
    "\n",
    "data = data.drop(categ_col.columns, axis =1)\n",
    "data= pd.concat([data,categ_col], axis =1 )\n",
    "\n",
    "data.head()"
   ]
  },
  {
   "cell_type": "code",
   "execution_count": 6,
   "metadata": {},
   "outputs": [
    {
     "data": {
      "text/html": [
       "<div>\n",
       "<style scoped>\n",
       "    .dataframe tbody tr th:only-of-type {\n",
       "        vertical-align: middle;\n",
       "    }\n",
       "\n",
       "    .dataframe tbody tr th {\n",
       "        vertical-align: top;\n",
       "    }\n",
       "\n",
       "    .dataframe thead th {\n",
       "        text-align: right;\n",
       "    }\n",
       "</style>\n",
       "<table border=\"1\" class=\"dataframe\">\n",
       "  <thead>\n",
       "    <tr style=\"text-align: right;\">\n",
       "      <th></th>\n",
       "      <th>X</th>\n",
       "      <th>Y</th>\n",
       "      <th>FFMC</th>\n",
       "      <th>DMC</th>\n",
       "      <th>DC</th>\n",
       "      <th>ISI</th>\n",
       "      <th>temp</th>\n",
       "      <th>RH</th>\n",
       "      <th>wind</th>\n",
       "      <th>rain</th>\n",
       "      <th>area</th>\n",
       "      <th>month</th>\n",
       "      <th>day</th>\n",
       "    </tr>\n",
       "  </thead>\n",
       "  <tbody>\n",
       "    <tr>\n",
       "      <th>X</th>\n",
       "      <td>1.000000</td>\n",
       "      <td>0.539548</td>\n",
       "      <td>-0.021039</td>\n",
       "      <td>-0.048384</td>\n",
       "      <td>-0.085916</td>\n",
       "      <td>0.006210</td>\n",
       "      <td>-0.051258</td>\n",
       "      <td>0.085223</td>\n",
       "      <td>0.018798</td>\n",
       "      <td>0.065387</td>\n",
       "      <td>0.063385</td>\n",
       "      <td>-0.017303</td>\n",
       "      <td>-0.009129</td>\n",
       "    </tr>\n",
       "    <tr>\n",
       "      <th>Y</th>\n",
       "      <td>0.539548</td>\n",
       "      <td>1.000000</td>\n",
       "      <td>-0.046308</td>\n",
       "      <td>0.007782</td>\n",
       "      <td>-0.101178</td>\n",
       "      <td>-0.024488</td>\n",
       "      <td>-0.024103</td>\n",
       "      <td>0.062221</td>\n",
       "      <td>-0.020341</td>\n",
       "      <td>0.033234</td>\n",
       "      <td>0.044873</td>\n",
       "      <td>-0.062162</td>\n",
       "      <td>0.030100</td>\n",
       "    </tr>\n",
       "    <tr>\n",
       "      <th>FFMC</th>\n",
       "      <td>-0.021039</td>\n",
       "      <td>-0.046308</td>\n",
       "      <td>1.000000</td>\n",
       "      <td>0.382619</td>\n",
       "      <td>0.330512</td>\n",
       "      <td>0.531805</td>\n",
       "      <td>0.431532</td>\n",
       "      <td>-0.300995</td>\n",
       "      <td>-0.028485</td>\n",
       "      <td>0.056702</td>\n",
       "      <td>0.040122</td>\n",
       "      <td>-0.007636</td>\n",
       "      <td>0.074914</td>\n",
       "    </tr>\n",
       "    <tr>\n",
       "      <th>DMC</th>\n",
       "      <td>-0.048384</td>\n",
       "      <td>0.007782</td>\n",
       "      <td>0.382619</td>\n",
       "      <td>1.000000</td>\n",
       "      <td>0.682192</td>\n",
       "      <td>0.305128</td>\n",
       "      <td>0.469594</td>\n",
       "      <td>0.073795</td>\n",
       "      <td>-0.105342</td>\n",
       "      <td>0.074790</td>\n",
       "      <td>0.072994</td>\n",
       "      <td>-0.173152</td>\n",
       "      <td>0.070218</td>\n",
       "    </tr>\n",
       "    <tr>\n",
       "      <th>DC</th>\n",
       "      <td>-0.085916</td>\n",
       "      <td>-0.101178</td>\n",
       "      <td>0.330512</td>\n",
       "      <td>0.682192</td>\n",
       "      <td>1.000000</td>\n",
       "      <td>0.229154</td>\n",
       "      <td>0.496208</td>\n",
       "      <td>-0.039192</td>\n",
       "      <td>-0.203466</td>\n",
       "      <td>0.035861</td>\n",
       "      <td>0.049383</td>\n",
       "      <td>0.219439</td>\n",
       "      <td>0.058737</td>\n",
       "    </tr>\n",
       "    <tr>\n",
       "      <th>ISI</th>\n",
       "      <td>0.006210</td>\n",
       "      <td>-0.024488</td>\n",
       "      <td>0.531805</td>\n",
       "      <td>0.305128</td>\n",
       "      <td>0.229154</td>\n",
       "      <td>1.000000</td>\n",
       "      <td>0.394287</td>\n",
       "      <td>-0.132517</td>\n",
       "      <td>0.106826</td>\n",
       "      <td>0.067668</td>\n",
       "      <td>0.008258</td>\n",
       "      <td>-0.172087</td>\n",
       "      <td>0.117738</td>\n",
       "    </tr>\n",
       "    <tr>\n",
       "      <th>temp</th>\n",
       "      <td>-0.051258</td>\n",
       "      <td>-0.024103</td>\n",
       "      <td>0.431532</td>\n",
       "      <td>0.469594</td>\n",
       "      <td>0.496208</td>\n",
       "      <td>0.394287</td>\n",
       "      <td>1.000000</td>\n",
       "      <td>-0.527390</td>\n",
       "      <td>-0.227116</td>\n",
       "      <td>0.069491</td>\n",
       "      <td>0.097844</td>\n",
       "      <td>-0.073802</td>\n",
       "      <td>0.148672</td>\n",
       "    </tr>\n",
       "    <tr>\n",
       "      <th>RH</th>\n",
       "      <td>0.085223</td>\n",
       "      <td>0.062221</td>\n",
       "      <td>-0.300995</td>\n",
       "      <td>0.073795</td>\n",
       "      <td>-0.039192</td>\n",
       "      <td>-0.132517</td>\n",
       "      <td>-0.527390</td>\n",
       "      <td>1.000000</td>\n",
       "      <td>0.069410</td>\n",
       "      <td>0.099751</td>\n",
       "      <td>-0.075519</td>\n",
       "      <td>-0.102057</td>\n",
       "      <td>-0.103389</td>\n",
       "    </tr>\n",
       "    <tr>\n",
       "      <th>wind</th>\n",
       "      <td>0.018798</td>\n",
       "      <td>-0.020341</td>\n",
       "      <td>-0.028485</td>\n",
       "      <td>-0.105342</td>\n",
       "      <td>-0.203466</td>\n",
       "      <td>0.106826</td>\n",
       "      <td>-0.227116</td>\n",
       "      <td>0.069410</td>\n",
       "      <td>1.000000</td>\n",
       "      <td>0.061119</td>\n",
       "      <td>0.012317</td>\n",
       "      <td>-0.141131</td>\n",
       "      <td>-0.034504</td>\n",
       "    </tr>\n",
       "    <tr>\n",
       "      <th>rain</th>\n",
       "      <td>0.065387</td>\n",
       "      <td>0.033234</td>\n",
       "      <td>0.056702</td>\n",
       "      <td>0.074790</td>\n",
       "      <td>0.035861</td>\n",
       "      <td>0.067668</td>\n",
       "      <td>0.069491</td>\n",
       "      <td>0.099751</td>\n",
       "      <td>0.061119</td>\n",
       "      <td>1.000000</td>\n",
       "      <td>-0.007366</td>\n",
       "      <td>-0.076800</td>\n",
       "      <td>0.052881</td>\n",
       "    </tr>\n",
       "    <tr>\n",
       "      <th>area</th>\n",
       "      <td>0.063385</td>\n",
       "      <td>0.044873</td>\n",
       "      <td>0.040122</td>\n",
       "      <td>0.072994</td>\n",
       "      <td>0.049383</td>\n",
       "      <td>0.008258</td>\n",
       "      <td>0.097844</td>\n",
       "      <td>-0.075519</td>\n",
       "      <td>0.012317</td>\n",
       "      <td>-0.007366</td>\n",
       "      <td>1.000000</td>\n",
       "      <td>0.031054</td>\n",
       "      <td>0.018916</td>\n",
       "    </tr>\n",
       "    <tr>\n",
       "      <th>month</th>\n",
       "      <td>-0.017303</td>\n",
       "      <td>-0.062162</td>\n",
       "      <td>-0.007636</td>\n",
       "      <td>-0.173152</td>\n",
       "      <td>0.219439</td>\n",
       "      <td>-0.172087</td>\n",
       "      <td>-0.073802</td>\n",
       "      <td>-0.102057</td>\n",
       "      <td>-0.141131</td>\n",
       "      <td>-0.076800</td>\n",
       "      <td>0.031054</td>\n",
       "      <td>1.000000</td>\n",
       "      <td>-0.150982</td>\n",
       "    </tr>\n",
       "    <tr>\n",
       "      <th>day</th>\n",
       "      <td>-0.009129</td>\n",
       "      <td>0.030100</td>\n",
       "      <td>0.074914</td>\n",
       "      <td>0.070218</td>\n",
       "      <td>0.058737</td>\n",
       "      <td>0.117738</td>\n",
       "      <td>0.148672</td>\n",
       "      <td>-0.103389</td>\n",
       "      <td>-0.034504</td>\n",
       "      <td>0.052881</td>\n",
       "      <td>0.018916</td>\n",
       "      <td>-0.150982</td>\n",
       "      <td>1.000000</td>\n",
       "    </tr>\n",
       "  </tbody>\n",
       "</table>\n",
       "</div>"
      ],
      "text/plain": [
       "              X         Y      FFMC       DMC        DC       ISI      temp  \\\n",
       "X      1.000000  0.539548 -0.021039 -0.048384 -0.085916  0.006210 -0.051258   \n",
       "Y      0.539548  1.000000 -0.046308  0.007782 -0.101178 -0.024488 -0.024103   \n",
       "FFMC  -0.021039 -0.046308  1.000000  0.382619  0.330512  0.531805  0.431532   \n",
       "DMC   -0.048384  0.007782  0.382619  1.000000  0.682192  0.305128  0.469594   \n",
       "DC    -0.085916 -0.101178  0.330512  0.682192  1.000000  0.229154  0.496208   \n",
       "ISI    0.006210 -0.024488  0.531805  0.305128  0.229154  1.000000  0.394287   \n",
       "temp  -0.051258 -0.024103  0.431532  0.469594  0.496208  0.394287  1.000000   \n",
       "RH     0.085223  0.062221 -0.300995  0.073795 -0.039192 -0.132517 -0.527390   \n",
       "wind   0.018798 -0.020341 -0.028485 -0.105342 -0.203466  0.106826 -0.227116   \n",
       "rain   0.065387  0.033234  0.056702  0.074790  0.035861  0.067668  0.069491   \n",
       "area   0.063385  0.044873  0.040122  0.072994  0.049383  0.008258  0.097844   \n",
       "month -0.017303 -0.062162 -0.007636 -0.173152  0.219439 -0.172087 -0.073802   \n",
       "day   -0.009129  0.030100  0.074914  0.070218  0.058737  0.117738  0.148672   \n",
       "\n",
       "             RH      wind      rain      area     month       day  \n",
       "X      0.085223  0.018798  0.065387  0.063385 -0.017303 -0.009129  \n",
       "Y      0.062221 -0.020341  0.033234  0.044873 -0.062162  0.030100  \n",
       "FFMC  -0.300995 -0.028485  0.056702  0.040122 -0.007636  0.074914  \n",
       "DMC    0.073795 -0.105342  0.074790  0.072994 -0.173152  0.070218  \n",
       "DC    -0.039192 -0.203466  0.035861  0.049383  0.219439  0.058737  \n",
       "ISI   -0.132517  0.106826  0.067668  0.008258 -0.172087  0.117738  \n",
       "temp  -0.527390 -0.227116  0.069491  0.097844 -0.073802  0.148672  \n",
       "RH     1.000000  0.069410  0.099751 -0.075519 -0.102057 -0.103389  \n",
       "wind   0.069410  1.000000  0.061119  0.012317 -0.141131 -0.034504  \n",
       "rain   0.099751  0.061119  1.000000 -0.007366 -0.076800  0.052881  \n",
       "area  -0.075519  0.012317 -0.007366  1.000000  0.031054  0.018916  \n",
       "month -0.102057 -0.141131 -0.076800  0.031054  1.000000 -0.150982  \n",
       "day   -0.103389 -0.034504  0.052881  0.018916 -0.150982  1.000000  "
      ]
     },
     "execution_count": 6,
     "metadata": {},
     "output_type": "execute_result"
    }
   ],
   "source": [
    "corre = data.corr()\n",
    "corre"
   ]
  },
  {
   "cell_type": "code",
   "execution_count": 7,
   "metadata": {},
   "outputs": [
    {
     "data": {
